4.096894977168951790e+00
7.308493150684931550e+00
6.225136612021857196e+00
6.249589041095890529e+00
6.248127853881277893e+00
4.984474885844748293e+00
5.634790528233151186e+00
6.946210045662100541e+00
5.263652968036530488e+00
5.394794520547945282e+00
4.224043715846994118e+00
6.429863013698629892e+00
5.070410958904109755e+00
4.506757990867580332e+00
3.606557377049179891e+00
5.201735159817352461e+00
4.333424657534246549e+00
6.065022831050228547e+00
4.989981785063752007e+00
5.922557077625570265e+00
3.843744292237443627e+00
4.343013698630137753e+00
5.125683060109289535e+00
4.145662100456621424e+00
3.920547945205479667e+00
5.303744292237443148e+00
4.126229508196721518e+00
4.455525114155251210e+00
3.919360730593607123e+00
5.446118721461187029e+00
6.012568306010929398e+00
5.725479452054794471e+00
6.699543378995433507e+00
7.168127853881277822e+00
4.785428051001821892e+00
4.962374429223743277e+00
4.298538812785388963e+00
4.028767123287670948e+00
4.156375227686703866e+00
4.369589041095890636e+00
4.133632734530937825e+00
7.192229038854806689e+00
5.668123861566485289e+00
2.887305936073059076e+00
4.537534246575343211e+00
3.379452054794521043e+00
5.492258652094717419e+00
6.829406392694063577e+00
6.790776255707762665e+00
5.887397260273972144e+00
6.441985428051000717e+00
5.344858962693357363e+00
5.578721461187213571e+00
5.184748858447488118e+00
4.623497267759562490e+00
6.582893539581436748e+00
4.518630136986302226e+00
5.133561643835616195e+00
5.925683060109290246e+00
4.701917808219177708e+00
5.045342465753424932e+00
5.127671232876712004e+00
5.110245901639344446e+00
5.541095890410958624e+00
1.043744394618834015e+01
5.970547945205479046e+00
6.283196721311474775e+00
5.308356164383561726e+00
3.415342465753424595e+00
6.226301369863014301e+00
4.935382513661202175e+00
5.674657534246575707e+00
6.760821917808219617e+00
6.306438356164384196e+00
5.907240437158470137e+00
5.664794520547943968e+00
6.259863013698629963e+00
6.120958904109588872e+00
7.697404371584699589e+00
