1.794659814010140242e-01
1.024074924882770604e-01
7.649880371847629645e-02
9.789414243872184007e-02
8.713298118417273780e-03
2.506301078047534422e-02
6.338485498114525274e-02
1.293188694192712596e-01
4.960762403471644100e-02
4.337540469058728115e-02
8.557992758845484049e-02
1.238564504340616962e-01
4.835738054558715721e-02
4.943299200599533122e-02
1.256894708796976734e-01
7.734321004942110722e-01
7.658227222808755563e-02
1.201491729226277366e-01
1.401956178857232949e-01
3.600562578590638108e-02
1.061978595685114102e-01
7.407714870181550393e-02
6.463454884924092758e-02
2.095285421270455268e-03
6.219269658534581219e-02
1.284060726628191706e-01
2.231661952946069685e-02
8.778670468384736081e-03
1.327937421995354500e-02
1.534836763245144564e-01
1.910730610591416245e-01
5.275043261956729405e-04
3.654210835387710493e-02
1.104292760405177183e-03
7.834584987018008984e-02
2.159268515218920048e-01
6.539844054577784171e-02
4.844765089113897000e-02
6.989660883692340454e-02
2.699811670434931407e-02
1.555705346433209624e-01
8.013009946921006987e-02
1.751635355593816334e-01
6.178636243256947769e-02
1.817707459297589756e-01
1.871382580214029090e-01
4.089728024749021695e-02
1.332242563962328374e-01
5.976179963430203537e-03
1.381557557312513285e-01
7.283872253745153624e-02
1.915651566145108731e-01
3.721636576204687130e-02
4.702341143047344268e-02
3.477051300732252742e-02
8.266141314917070659e-02
2.255325070618961064e-02
4.788348213494466460e-02
3.837106630042609601e-02
5.525589295806708490e-02
3.533404570633257719e-02
4.780439305697340574e-02
7.890221851524188701e-02
7.136680132567962964e-02
1.023117235827967694e-02
1.893521161474116254e-01
1.446043778432319279e-02
4.981365681406624280e-02
2.562190693147139639e-02
1.638755238874795850e-01
7.981965181970773759e-02
6.097134156076249034e-02
4.992398034660128214e-02
1.594148998899049818e-01
1.429643716718992097e-01
1.924683864778314324e-01
