6.947123287671232994e+00
9.388219178082190197e+00
9.163843351548269567e+00
9.349132420091324391e+00
8.576803652968035152e+00
8.284292237442921092e+00
9.050273224043714038e+00
9.621278538812784831e+00
8.930958904109589369e+00
8.876986301369862886e+00
7.760200364298723841e+00
9.573972602739726057e+00
8.082557077625571296e+00
8.073242009132419739e+00
7.412841530054643968e+00
1.803225806451613122e+00
9.164566210045663297e+00
7.460821917808219794e+00
7.287214611872146364e+00
8.189526411657560345e+00
7.581643835616437954e+00
7.859817351598173296e+00
9.061095890410959086e+00
8.519489981785064003e+00
7.962739726027398213e+00
7.389315068493150562e+00
8.694611872146118969e+00
8.425318761384335886e+00
8.616347031963469405e+00
9.830551905387647338e+00
1.015608552631578831e+01
8.496775956284153608e+00
8.817808219178081330e+00
8.491780821917808808e+00
7.822849315068492793e+00
6.631362889983579478e+00
7.934977168949771453e+00
8.920913242009131494e+00
9.106666666666665577e+00
8.735154826958105190e+00
7.154063926940639639e+00
7.807397260273971185e+00
6.984383561643836558e+00
9.036429872495446602e+00
1.007552511415525132e+01
1.012200913242008937e+01
8.855525114155250677e+00
9.655100182149361387e+00
8.449589041095888930e+00
9.697808219178082112e+00
9.132146118721461647e+00
6.842341356673959929e+00
8.179041095890410062e+00
8.094109589041094566e+00
8.802465753424655759e+00
9.217213114754098768e+00
8.306027397260274725e+00
8.916027397260274157e+00
8.169041095890410276e+00
8.022814207650272422e+00
8.195342465753425287e+00
8.915342465753424150e+00
9.184657534246573718e+00
9.119398907103825280e+00
8.412739726027396614e+00
6.861506849315069267e+00
8.626575342465752527e+00
8.069945355191258329e+00
8.279452054794521842e+00
9.920547945205479223e+00
9.192602739726027039e+00
9.029371584699452669e+00
8.933698630136987617e+00
9.881917808219178312e+00
9.739452054794520919e+00
1.016816939890710358e+01
