3.697060174837421553e-01
1.499693665902317175e-01
6.539451312565335017e-02
7.781384929104463721e-02
2.566706314317974968e-02
7.391127328433118315e-02
4.327489346954996319e-02
1.187266736424870545e-01
4.178019701389505680e-02
5.297190347480792982e-02
1.762119769327681051e-01
6.371364241128141259e-02
9.569761569950774316e-02
3.361875819236319063e-01
2.487261737194687572e-01
2.884379246109867734e-01
1.118823726367495081e-01
1.578334368563085455e-01
1.824022372242621245e-02
6.916238819672770877e-02
1.453381579682402613e-01
1.780797589105216350e-01
2.734967985501527213e-02
1.382935928404000481e-01
1.450465434222204808e-01
5.367384734134288300e-03
1.111009374138333949e-01
5.533554620463838891e-02
1.802217930523402067e-01
2.323955978749014939e-02
3.971024590429412388e-02
1.074882682962325677e-02
1.116572382999564406e-01
1.936384167376555554e-01
4.877498906941239720e-02
5.594305944483365933e-02
9.327577257607358452e-02
1.896099933197951393e-01
1.375163230972855366e-01
1.395307479352840274e-01
1.417444247777554199e-02
9.853596880009712899e-02
3.756027493350137803e-02
3.191656717144336075e-01
1.346289978890514161e-01
3.101217936553299359e-01
3.861328412153368361e-02
1.330962600575319177e-01
1.490083588767385780e-01
6.327965749342065460e-02
7.050777279724493307e-02
8.186823381195017235e-02
6.583779006820939320e-04
5.393744108269155069e-02
1.359881243599752598e-01
3.691806308759380817e-02
7.699942576393042915e-02
1.018641133702394980e-02
8.695908245120283209e-02
8.089146162618017499e-02
3.143046525146079434e-03
3.890468423748148774e-02
1.639134143904737509e-02
1.490315736147769174e-02
5.749463012819769347e-02
2.934181576728208188e-02
8.062333411836188068e-02
4.380097344572332629e-02
2.940944446282281466e-01
6.037768321726684484e-02
6.700457135706498757e-02
4.186247993341004475e-02
1.348703706009109216e-01
9.252972818029148172e-02
1.580126945387693924e-02
2.132553481363025361e-02
8.240167591361430288e-02
6.585040464615343758e-02
2.135524477193597448e-01
