9.789154704944181162e+00
7.848493150684931585e+00
7.101548269581056338e+00
7.211232876712329265e+00
6.750684931506849118e+00
5.871232876712329407e+00
6.906193078324226242e+00
7.572565157750343445e+00
6.155006858710562412e+00
6.056164383561643660e+00
4.967737525632261786e+00
7.086703221384509810e+00
5.678821110349554502e+00
9.493127897463867981e+00
8.720689655172414234e+00
9.071414342629482874e+00
5.535881207400194626e+00
7.917946738710921473e+00
6.362906273620559716e+00
7.134825241182983113e+00
5.240407711757269382e+00
4.951241721854305666e+00
6.282453735435229447e+00
5.302623626373626387e+00
5.242983181692858707e+00
6.571403026134801095e+00
5.542782656421515242e+00
6.035289256198346663e+00
4.932323788546254306e+00
6.729245802367190166e+00
6.874710963455148871e+00
6.618930635838149890e+00
7.510129595345146569e+00
8.234167758846657748e+00
6.093230527966543519e+00
6.029923844537814048e+00
5.700210249671485485e+00
4.849409448818897239e+00
5.309488286873445873e+00
5.291697368421051983e+00
6.649184854062581529e+00
7.394245680859747871e+00
6.855722933971560629e+00
3.705204678362572945e+00
5.334988452655889724e+00
3.785078046684805742e+00
6.182976276060388798e+00
7.699473908716052861e+00
7.840005760368663701e+00
7.082870370370370594e+00
7.146707356247991250e+00
5.800958904109588588e+00
6.518184931506849189e+00
6.047636986301369255e+00
5.322984972677594406e+00
6.850051072522981954e+00
5.843959052493751472e+00
6.434035618670701950e+00
7.292001389049658222e+00
5.809585522475189556e+00
6.551758202987181257e+00
6.180402699919917531e+00
6.379235159817351786e+00
6.655620689655172839e+00
7.031778392075558770e+00
6.783139467925831667e+00
7.236045574864771623e+00
6.137159844500343908e+00
3.926627760613341067e+00
7.057240827523145299e+00
5.932231216508950133e+00
6.154280155642022798e+00
7.715142428785607187e+00
7.341199999999999726e+00
6.663552600886400334e+00
6.712341591505880167e+00
7.251751464339037057e+00
7.105574594471099736e+00
8.410043718361713161e+00
