1.469265000642120955e-01
2.167153854130753343e-01
9.404941256121725213e-02
9.681810494817499890e-02
9.665265807560584344e-02
4.642786540803589546e-02
2.720588127410194373e-02
1.756949014454807223e-01
1.481717231780716078e-02
3.168449526708957747e-05
1.325297403916520789e-01
1.172301128513843910e-01
3.669752121506718312e-02
1.005186523085872113e-01
2.024463004235315111e-01
2.182798354292163692e-02
1.201447875670935833e-01
7.592009685679394770e-02
4.580433185653322303e-02
5.978902678130920689e-02
1.755901707368041909e-01
1.190590424658589386e-01
3.043918813271309295e-02
1.414047106922194652e-01
1.668938694973923498e-01
1.027772375169327609e-02
1.436050184851975220e-01
1.063196332780403791e-01
1.670282950813547496e-01
5.843005894255761529e-03
6.998079145289783087e-02
3.747437984355549145e-02
1.477654012699139707e-01
2.008221452169086652e-01
6.896548138921768101e-02
4.893024935564317668e-02
1.240948316496801040e-01
1.546404604977454078e-01
1.401916878995702886e-01
1.160499774710089804e-01
1.427667681695167778e-01
2.035510670410284051e-01
3.098013805458401521e-02
2.838854892627983850e-01
9.703392755510105439e-02
2.281609144956272817e-01
1.106732427559287829e-02
1.624694920694903788e-01
1.580954903759455576e-01
5.580796141011588191e-02
1.186027059883418139e-01
5.622404039327778998e-03
2.085730957989907070e-02
2.375130343653726606e-02
8.730053208784337160e-02
1.345574078494016224e-01
9.917439646896343552e-02
2.954711419122259264e-02
6.014297459885464825e-02
7.842115439108043873e-02
3.953596912258033891e-02
3.021407189626668099e-02
3.218710213351004545e-02
1.659705261124552050e-02
5.709992980847726773e-01
6.522292250224971666e-02
1.006234253960731767e-01
9.755532060147155404e-03
2.240971256881494622e-01
9.418129541660545667e-02
5.198648196554672002e-02
3.171993080701245027e-02
1.547038294882795706e-01
1.032550223340655687e-01
5.805475875719447870e-02
3.060316441717102556e-02
9.798140327092626223e-02
8.225360994732873465e-02
2.607509097876696269e-01
