2.594204344052801481e-02
2.750429909523390282e-01
2.364882413086876779e-03
7.123312480631177612e-02
1.391697468549875916e-01
4.199457860814779370e-02
9.387866548920371923e-02
1.844608282207713668e-01
3.726481378197393779e-02
8.026267583809936282e-03
1.608836671933303319e-01
2.523974502694471544e-01
6.464011929103971599e-02
1.552222820226073774e-01
1.325767413397154482e-01
1.934903792525585406e-02
3.296502757636081676e-03
2.594204344052801481e-02
1.099312006568234912e-01
2.523974502694471544e-01
1.934903792525585406e-02
3.296502757636081676e-03
1.461927309908199989e-02
4.199457860814779370e-02
1.325767413397154482e-01
4.858758412341985383e-02
1.099312006568234912e-01
1.099312006568234912e-01
1.438995116811613850e-01
1.934903792525585406e-02
1.934903792525585406e-02
6.464011929103971599e-02
3.726481378197393779e-02
1.052014358306496422e-01
9.860843031537756820e-02
3.296502757636081676e-03
3.067180826670177357e-02
1.778678227054992511e-01
7.030150446176268442e-02
8.728565997393154807e-02
9.294704514465462752e-02
2.750429909523390282e-01
6.557173963558883545e-02
2.458044447541749833e-01
5.331734894959370280e-02
4.199457860814779370e-02
1.552222820226073774e-01
4.858758412341985383e-02
1.165242061720956623e-01
2.594204344052801481e-02
7.596288963248563897e-02
4.199457860814779370e-02
1.934903792525585406e-02
1.325767413397154482e-01
4.199457860814779370e-02
1.934903792525585406e-02
1.552222820226073774e-01
2.501042309597881208e-02
1.221855913428186169e-01
6.464011929103971599e-02
2.231589040712830818e-01
1.778678227054992511e-01
8.957887928359040131e-03
5.991035446486587396e-02
7.166310342687314261e-01
4.858758412341985383e-02
8.026267583809936282e-03
1.934903792525585406e-02
7.596288963248563897e-02
1.561539023671564552e-01
3.067180826670177357e-02
2.364882413086876779e-03
9.387866548920371923e-02
9.387866548920371923e-02
1.934903792525585406e-02
4.199457860814779370e-02
7.123312480631177612e-02
1.934903792525585406e-02
1.278469765135415714e-01
