6.077371254627648295e-02
1.531497556166167007e-01
2.005532514027104363e-02
1.069617340814465883e-01
2.005532514027104363e-02
2.005532514027104363e-02
8.386772331386163626e-02
1.300557448490317347e-01
3.767970177869153087e-02
8.508319756478567586e-03
8.933735744302609416e-02
1.300557448490317347e-01
3.160233052406351967e-02
6.624334667544114208e-02
1.239783735944037235e-01
7.590636697029919944e-01
1.877907717679943300e-01
6.624334667544114208e-02
2.005532514027104363e-02
2.734817064582433649e-03
4.314933590785609285e-02
4.314933590785609285e-02
1.185087394652390436e-01
3.038685627313905853e-03
3.160233052406351967e-02
1.355253789781961926e-01
3.038685627313905853e-03
2.005532514027104363e-02
1.124313682106111434e-01
8.386772331386163626e-02
1.458569101110658572e-02
4.314933590785609285e-02
7.232071793006916716e-02
1.069617340814465883e-01
1.355253789781961926e-01
2.740894435837064047e-01
3.160233052406351967e-02
9.541472869765410536e-02
3.038685627313905853e-03
1.127352367733427119e-01
1.008843628268186604e-01
3.038685627313905853e-03
6.624334667544114208e-02
3.160233052406351967e-02
1.300557448490317347e-01
1.646967610004091698e-01
4.314933590785609285e-02
8.933735744302609416e-02
6.624334667544114208e-02
9.541472869765410536e-02
3.160233052406351967e-02
8.933735744302609416e-02
1.643928924376774625e-01
3.038685627313905853e-03
2.613269639489905830e-02
1.935642744598906617e-01
7.809422062196549885e-02
7.779035205923362506e-02
8.933735744302609416e-02
8.812188319210245355e-03
2.613269639489905830e-02
1.069617340814465883e-01
1.458569101110658572e-02
2.613269639489905830e-02
3.160233052406351967e-02
1.182048709025073779e-01
4.922670716248401385e-02
2.005532514027104363e-02
2.613269639489905830e-02
1.993377771517867991e-01
1.185087394652390436e-01
3.160233052406351967e-02
5.500020985438014431e-02
1.416027502328242038e-01
4.922670716248401385e-02
1.300557448490317347e-01
