5.653502229346022423e-01
2.143443423497775890e-01
4.607937550347952771e-02
4.450278722808811288e-02
4.450278722808811288e-02
6.872491618637147082e-02
5.582555756953412607e-02
6.714832791098004905e-02
6.872491618637147082e-02
4.607937550347952771e-02
2.159209306251688998e-01
1.124394092767639214e-01
9.137045686926340005e-02
2.936037347398992026e-01
4.068314381543587932e-01
3.615403567885748792e-01
4.607937550347952771e-02
1.803760313254396397e-01
4.607937550347952771e-02
1.803760313254396397e-01
4.607937550347952771e-02
4.607937550347952771e-02
5.582555756953412607e-02
4.607937550347952771e-02
1.593070789179391045e-01
6.714832791098004905e-02
1.026932272107093230e-01
4.607937550347952771e-02
1.593070789179391045e-01
4.607937550347952771e-02
4.607937550347952771e-02
1.479843085764931954e-01
2.343383482058759501e-02
6.714832791098004905e-02
5.174076067420248920e-02
3.475660516203361167e-02
5.582555756953412607e-02
1.819526196008310337e-01
1.253387678936012661e-01
1.366615382350471752e-01
3.318001688664218990e-02
1.464077203011017736e-01
8.979386859387197828e-02
3.065030933567365334e-01
2.343383482058759501e-02
1.140159975521552321e-01
1.932753899422769428e-01
5.582555756953412607e-02
8.979386859387197828e-02
4.450278722808811288e-02
9.137045686926340005e-02
1.140159975521552321e-01
3.475660516203361167e-02
1.366615382350471752e-01
5.740214584492544375e-02
1.140159975521552321e-01
9.137045686926340005e-02
2.185724654519617671e-02
1.124394092767639214e-01
5.740214584492544375e-02
1.253387678936012661e-01
1.366615382350471752e-01
2.185724654519617671e-02
8.979386859387197828e-02
8.979386859387197828e-02
2.185724654519617671e-02
1.211106447914167723e-02
5.740214584492544375e-02
1.932753899422769428e-01
1.124394092767639214e-01
2.343383482058759501e-02
4.607937550347952771e-02
6.714832791098004905e-02
8.979386859387197828e-02
3.475660516203361167e-02
3.475660516203361167e-02
6.714832791098004905e-02
1.211106447914167723e-02
1.124394092767639214e-01
