5.400000000000000355e+00
7.599999999999999645e+00
5.150000000000000355e+00
5.799999999999999822e+00
6.400000000000000355e+00
4.799999999999999822e+00
6.000000000000000000e+00
6.799999999999999822e+00
5.500000000000000000e+00
5.099999999999999645e+00
3.750000000000000000e+00
7.400000000000000355e+00
4.599999999999999645e+00
3.799999999999999822e+00
4.000000000000000000e+00
5.000000000000000000e+00
5.200000000000000178e+00
5.400000000000000355e+00
4.200000000000000178e+00
7.400000000000000355e+00
5.000000000000000000e+00
5.200000000000000178e+00
5.299999999999999822e+00
4.799999999999999822e+00
4.000000000000000000e+00
5.599999999999999645e+00
4.200000000000000178e+00
4.200000000000000178e+00
3.899999999999999911e+00
5.000000000000000000e+00
5.000000000000000000e+00
4.599999999999999645e+00
5.500000000000000000e+00
6.099999999999999645e+00
4.299999999999999822e+00
5.200000000000000178e+00
4.900000000000000355e+00
3.600000000000000089e+00
4.549999999999999822e+00
4.400000000000000355e+00
4.349999999999999645e+00
7.599999999999999645e+00
5.750000000000000000e+00
3.000000000000000000e+00
4.700000000000000178e+00
4.799999999999999822e+00
3.799999999999999822e+00
5.599999999999999645e+00
6.200000000000000178e+00
5.400000000000000355e+00
4.500000000000000000e+00
4.799999999999999822e+00
5.000000000000000000e+00
4.000000000000000000e+00
4.799999999999999822e+00
5.000000000000000000e+00
3.799999999999999822e+00
4.950000000000000178e+00
6.250000000000000000e+00
4.599999999999999645e+00
3.200000000000000178e+00
3.600000000000000089e+00
5.250000000000000000e+00
5.700000000000000178e+00
1.150000000000000000e+01
5.599999999999999645e+00
5.099999999999999645e+00
5.000000000000000000e+00
4.500000000000000000e+00
6.549999999999999822e+00
4.900000000000000355e+00
5.150000000000000355e+00
6.000000000000000000e+00
6.000000000000000000e+00
5.000000000000000000e+00
4.799999999999999822e+00
5.799999999999999822e+00
5.000000000000000000e+00
6.299999999999999822e+00
