8.699999999999999289e+00
9.500000000000000000e+00
8.000000000000000000e+00
9.099999999999999645e+00
8.000000000000000000e+00
8.000000000000000000e+00
8.900000000000000355e+00
9.300000000000000711e+00
8.500000000000000000e+00
8.099999999999999645e+00
7.400000000000000355e+00
9.300000000000000711e+00
7.900000000000000355e+00
7.599999999999999645e+00
7.099999999999999645e+00
1.600000000000000089e+00
9.800000000000000711e+00
7.599999999999999645e+00
8.000000000000000000e+00
8.149999999999998579e+00
7.799999999999999822e+00
7.799999999999999822e+00
9.199999999999999289e+00
8.199999999999999289e+00
7.900000000000000355e+00
7.000000000000000000e+00
8.199999999999999289e+00
8.000000000000000000e+00
7.200000000000000178e+00
8.900000000000000355e+00
8.300000000000000711e+00
7.799999999999999822e+00
8.800000000000000711e+00
9.099999999999999645e+00
7.000000000000000000e+00
5.799999999999999822e+00
7.900000000000000355e+00
9.000000000000000000e+00
8.199999999999999289e+00
9.149999999999998579e+00
7.299999999999999822e+00
8.199999999999999289e+00
7.599999999999999645e+00
7.900000000000000355e+00
9.300000000000000711e+00
9.599999999999999645e+00
7.799999999999999822e+00
7.400000000000000355e+00
7.599999999999999645e+00
9.000000000000000000e+00
7.900000000000000355e+00
7.400000000000000355e+00
6.750000000000000000e+00
8.199999999999999289e+00
8.400000000000000355e+00
9.850000000000001421e+00
8.850000000000001421e+00
7.500000000000000000e+00
7.400000000000000355e+00
8.250000000000000000e+00
8.400000000000000355e+00
9.099999999999999645e+00
8.300000000000000711e+00
8.400000000000000355e+00
7.900000000000000355e+00
7.150000000000000355e+00
8.599999999999999645e+00
8.000000000000000000e+00
8.400000000000000355e+00
9.900000000000000355e+00
9.199999999999999289e+00
7.900000000000000355e+00
8.649999999999998579e+00
9.400000000000000355e+00
8.599999999999999645e+00
9.300000000000000711e+00
