1.140000000000000036e+01
8.300000000000000711e+00
6.000000000000000000e+00
6.799999999999999822e+00
6.799999999999999822e+00
5.799999999999999822e+00
6.900000000000000355e+00
7.000000000000000000e+00
5.799999999999999822e+00
6.000000000000000000e+00
4.500000000000000000e+00
7.400000000000000355e+00
5.599999999999999645e+00
9.000000000000000000e+00
1.000000000000000000e+01
9.599999999999999645e+00
6.000000000000000000e+00
8.000000000000000000e+00
6.000000000000000000e+00
8.000000000000000000e+00
6.000000000000000000e+00
6.000000000000000000e+00
6.900000000000000355e+00
6.000000000000000000e+00
5.000000000000000000e+00
7.000000000000000000e+00
5.500000000000000000e+00
6.000000000000000000e+00
5.000000000000000000e+00
6.000000000000000000e+00
6.000000000000000000e+00
5.099999999999999645e+00
6.200000000000000178e+00
7.000000000000000000e+00
5.950000000000000178e+00
6.099999999999999645e+00
6.900000000000000355e+00
4.799999999999999822e+00
5.299999999999999822e+00
5.200000000000000178e+00
6.700000000000000178e+00
7.700000000000000178e+00
7.200000000000000178e+00
3.700000000000000178e+00
6.200000000000000178e+00
5.400000000000000355e+00
4.700000000000000178e+00
6.900000000000000355e+00
7.200000000000000178e+00
6.799999999999999822e+00
5.599999999999999645e+00
5.400000000000000355e+00
6.099999999999999645e+00
5.200000000000000178e+00
5.900000000000000355e+00
5.400000000000000355e+00
5.599999999999999645e+00
6.599999999999999645e+00
7.400000000000000355e+00
5.900000000000000355e+00
5.299999999999999822e+00
5.200000000000000178e+00
6.599999999999999645e+00
7.200000000000000178e+00
7.200000000000000178e+00
6.599999999999999645e+00
6.299999999999999822e+00
5.900000000000000355e+00
4.700000000000000178e+00
7.400000000000000355e+00
6.200000000000000178e+00
6.000000000000000000e+00
7.000000000000000000e+00
7.200000000000000178e+00
6.099999999999999645e+00
6.099999999999999645e+00
7.000000000000000000e+00
6.299999999999999822e+00
7.400000000000000355e+00
